67 
800 
31 
510 550 60 
66 
800 
30 
510 540 58 
65 
790 
29 
500 530 57 
64 
770 
28 
490 520 56 
63 
750 
27 
490 520 55 
62 
740 
26 
480 510 54 
61 
730 
25 
480 500 53 
60 
720 
24 
470 490 52 
59 
700 
23 
460 480 51 
58 
690 
22 
460 480 50 
57 
690 
21 
450 470 49 
56 
680 
20 
440 460 48 
55 
670 
19 
440 450 47 
54 
660 800 
18 
430 450 46 
53 
650 790 
17 
420 440 45 
52 
650 760 
16 
420 430 44 
51 
640 740 
15 
410 420 44 
50 
630 720 
14 
400 410 43 
49 
620 710 80 
13 
400 410 42 
48 
620 700 80 
12 
390 400 41 
47 
610 680 80 
11 
380 390 40 
46 
600 670 79 
10 
370 380 39 
45 
600 660 78 
9 
360 370 38 
44 
590 650 76 
8 
350 360 38 
43 
590 640 74 
7 
340 350 37 
42 
580 630 73 
6 
330 340 36 
41 
570 630 71 
5 
320 330 35 
40 
570 620 70 
4 
310 320 34 
39 
560 610 69 
3 
300 310 32 
38 
550 600 67 
2 
280 290 31 
37 
550 590 66 
1 
270 280 30 
36 
540 580 65 
0 
250 260 28 
35 
540 580 64 
-1 
230 240 27 
34 
530 570 63 
-2 
210 220 25 
33 
520 560 62 
-3 
200 200 23 
32 
520 550 61 
-4 
200 200 20 
