 49 
 800 800 800 790 770 750 740 720 710 700 680 670
 48 
 800 800 780 760 740 720 710 690 680 670 650 640
 47 
 790 770 760 740 720 700 690 670 660 640 630 620
 46 
 770 750 740 720 700 680 670 650 640 630 610 600
 45 
 760 740 720 710 690 670 650 640 630 610 590 580
 44 
 740 730 710 700 670 660 640 620 610 600 580 570
 43 
 730 720 700 680 660 640 630 610 600 590 570 560
 42 
 720 700 690 670 650 630 620 600 590 570 560 550
 41 
 710 690 680 660 640 620 610 590 580 560 550 540
 40 
 700 680 670 650 630 610 600 580 570 550 540 530
 39 
 690 680 660 640 620 600 590 570 560 550 530 520
 38 
 680 670 650 630 610 600 580 560 550 540 520 510
 37 
 670 660 640 630 610 590 570 550 540 530 510 500
 36 
 660 650 630 620 600 580 560 550 530 520 500 490
 35 
 660 640 620 610 590 570 550 540 530 510 490 480
 34 
 650 630 620 600 580 560 550 530 520 500 490 480
 33 
 640 620 610 590 570 550 540 520 510 490 480 470
 32 
 630 620 600 580 560 540 530 510 500 490 470 460
 31 
 620 610 590 580 550 540 520 500 490 480 460 450
 30 
 610 600 580 570 550 530 510 500 480 470 450 440
 29 
 610 590 570 560 540 520 500 490 480 460 440 430
 28 
 600 580 570 550 530 510 490 480 470 450 440 430
 27 
 590 570 560 540 520 500 490 470 460 440 430 420
 26 
 580 570 550 530 510 490 480 460 450 440 420 410
 25 
 570 560 540 530 500 490 470 450 440 430 410 400
 24 
 560 550 530 520 500 480 460 450 430 420 400 390
 23 
 560 540 520 510 490 470 450 440 430 410 390 380
 22 
 550 530 520 500 480 460 450 430 420 400 390 380
 21 
 540 520 510 490 470 450 440 420 410 390 380 370
 20 
 530 520 500 480 460 440 430 410 400 390 370 360
 19 
 520 510 490 480 460 440 420 410 390 380 360 350
 18 
 520 500 480 470 450 430 410 400 390 370 350 340
 17 
 510 490 480 460 440 420 410 390 380 360 350 340
 16 
 500 490 470 450 430 410 400 380 370 360 340 330
 15 
 490 480 460 450 430 410 390 370 360 350 330 320
 14 
 490 470 450 440 420 400 380 370 360 340 320 310
 13 
 480 460 450 430 410 390 380 360 350 330 320 310
 12 
 470 460 440 420 400 380 370 350 340 330 310 300
 11 
 460 450 430 420 400 380 360 350 330 320 300 290
 10 
 460 440 420 410 390 370 350 340 330 310 290 280
 9 
 450 430 420 400 380 360 350 330 320 300 290 280
 8 
 440 430 410 390 370 350 340 320 310 300 280 270
 7 
 430 420 400 390 360 350 330 310 300 290 270 260
 6 
 420 410 390 380 360 340 320 310 290 280 260 250
 5 
 410 400 380 370 350 330 310 300 280 270 250 240
 4 
 400 390 370 360 340 320 300 290 270 260 240 230
 3 
 390 380 360 350 330 310 290 280 260 250 230 220
 2 
 380 370 350 330 310 290 280 260 250 240 220 210
 1 
 370 350 340 320 300 280 260 250 240 220 210 200
 0 
 350 340 320 300 280 260 250 230 220 210 200 200
 -1 
 330 320 300 290 270 250 230 220 200 200 200 200
 -2 
 310 300 280 270 250 230 210 200 200 200 200 200
 -3 
 310 290 280 260 240 220 210 200 200 200 200 200
